Integrated_Authority_File: 0.0186001552593
National_Diet_Library: 0.0122131591526
United_States: 0.011003392979
Japan: 0.0104156578913
Renewable_energy: 0.00848433656506
United_Kingdom: 0.00793916286248
European_Union: 0.00731646063731
Germany: 0.00598449410242
France: 0.0058545980105
Efficient_energy_use: 0.00548016362968
Carbon_dioxide: 0.00519577585303
Natural_gas: 0.00515102519932
Italy: 0.00483943416096
Nuclear_power: 0.00470193129413
Wind_power: 0.00439851411602
Biofuel: 0.00438058848282
Climate_change: 0.00432138050759
Hydrogen: 0.00408351380902
Brazil: 0.00407151739043
Biomass: 0.00400308141078
Fossil_fuel: 0.00399243154381
Greenhouse_gas: 0.00398530530139
Sustainability: 0.00397080579711
Global_warming: 0.00389401820346
Netherlands: 0.00377866525439
Coal: 0.00375825957439
Hydroelectricity: 0.00371997731401
Petroleum: 0.00365058132133
Energy_conservation: 0.00364476502062
California: 0.0035603725796
Turkey: 0.00356025103367
Spain: 0.00353122997608
Solar_energy: 0.00347098408129
Portugal: 0.00344871452161
Cogeneration: 0.00337448356161
Israel: 0.00335528049569
Emissions_trading: 0.00332467566973
Heat: 0.00327523222438
Oxygen: 0.0031576919497
Temperature: 0.00313055313579
Sustainable_development: 0.00310388851826
Denmark: 0.00304510143835
Africa: 0.00297932752124
Electricity: 0.00295443972298
Philippines: 0.0029464426298
New_Zealand: 0.00292508181301
Biodiversity: 0.00285234818253
United_States_Department_of_Energy: 0.00284277957885
Solar_power: 0.00282807198539
Tidal_power: 0.00279505602814