WT21-B37-76: 0.00269446708411
WT21-B37-75: 0.00153317497794
WT25-B39-116: 0.00146848260329
WT23-B21-53: 0.0013735118704
WT24-B26-10: 0.00127616930075
WT24-B40-171: 0.00124524383165
WT23-B39-340: 0.00124284955141
WT23-B37-134: 0.00120541182094
WT08-B18-400: 0.00114477467486
WT13-B06-284: 0.00113654141181
WT13-B06-273: 0.00105490933405
WT01-B18-225: 9.55379555941E-4
WT04-B27-720: 9.40950831274E-4
WT24-B26-46: 8.62223701653E-4
WT23-B19-156: 8.25059444774E-4
WT04-B30-12: 8.16614436597E-4
WT25-B15-307: 7.97218305507E-4
WT07-B18-256: 7.74994088575E-4
WT24-B40-167: 7.07596873958E-4
WT14-B03-220: 6.98855121607E-4
WT18-B31-240: 6.94211965139E-4
WT14-B03-227: 6.85273780493E-4
WT04-B40-202: 6.84671952271E-4
WT08-B19-222: 6.4953114995E-4
WT23-B20-363: 6.39629076609E-4
WT27-B28-203: 6.27076056731E-4
WT13-B39-295: 6.21534499305E-4
WT13-B15-160: 6.19857407689E-4
WT12-B30-56: 6.02451046137E-4
WT10-B02-288: 5.84442572274E-4
WT14-B36-337: 5.61702922536E-4
WT21-B40-37: 5.47186329885E-4
WT21-B35-155: 5.45693222071E-4
WT23-B01-40: 5.40844728457E-4
WT08-B08-60: 5.36116373987E-4
WT22-B38-403: 5.33572120097E-4
WT13-B39-321: 5.32888238574E-4
WT04-B22-268: 5.32844875496E-4
WT14-B02-400: 5.32770862045E-4
WT18-B14-66: 5.29553485556E-4
WT06-B14-69: 5.19155681423E-4
WT23-B38-120: 5.18667790314E-4
WT06-B35-151: 5.16921519313E-4
WT10-B33-300: 5.16772992584E-4
WT14-B36-323: 5.15857684268E-4
WT14-B36-336: 5.15857684268E-4
WT14-B36-335: 5.15857684268E-4
WT14-B36-334: 5.15857684268E-4
WT06-B35-161: 5.15015569192E-4
WT27-B20-494: 5.14473041642E-4